484171
333623
643183
629113
764971
627611
685679
758227
711317
336397
158371
655859
561917
726413
599623
106273
816499
324431
684587
147551
236869
633091
369353
953861
670577
920519
830419
473009
843307
397153
697729
478339
482519
100393
136177
621113
179549
155299
581981
218627
883871
341743
958357
816113
963283
746129
385081
758267
389699
343199
177347
163543
159023
453703
995669
808169
385741
753023
715639
868529
527789
195997
306661
660097
665447
224041
190753
965953
562337
888163
891521
277217
576523
420743
513307
932557
341123
243931
680401
954157
252151
524453
298601
763751
859609
788789
343939
616643
197551
120619
716827
421103
247519
174241
214939
589291
438551
378253
829967
176041
717149
100811
286733
411739
721109
186551
803333
165587
838403
550859
582181
972941
650081
616723
170537
824039
486767
617983
729991
423281
482917
179327
583619
943079
801607
523333
823447
620297
904987
363941
980491
516077
350843
703873
186647
130811
668509
718547
659011
726157
723053
109313
277363
549481
441517
701147
316817
420313
754301
490121
575417
474959
105367
476027