619841
987473
800221
639589
773767
565109
929741
970633
909289
829877
127163
172849
631507
156269
803237
222389
395147
226427
396601
581201
166669
309929
636277
463237
498923
315313
833269
786613
390727
862123
323797
955261
528313
289139
593539
151049
424519
797611
844507
918613
310283
352661
114679
922741
611081
791419
673429
181421
908533
165961
479783
845653
289099
321823
249827
812363
698891
909683
299941
564127
466121
418763
363941
202613
637129
534049
660181
102653
719989
711133
375563
977323
813013
301979
526651
450601
522679
860267
660061
831547
155317
394019
954131
471173
930847
117539
645763
836573
267877
275741
396091
105319
880703
220877
358681
537637
580891
343327
643183
930173
831529
283511
434807
664109
706193
244843
647821
524731
251473
137117
223753
187423
444293
176347
114203
882653
284573
974837
912497
700573
370463
290209
521243
347671
510127
529709
528707
686879
443203
337511
302983
917093
321547
384673
505319
729023
327343
519283
242257
192557
128951
172607
326369
813157
217307
852763
136861
579869
733321
263443
516673
765727
672823
920791
579893