953070
401749
859486
306118
387728
380966
459936
631315
329955
170351
527323
759474
903778
197498
169688
516069
897215
957596
377862
130018
924759
847694
826923
574994
783539
551667
107129
500728
844704
740344
927472
227827
469229
149354
708599
373350
146243
665860
165620
830013
300742
515753
737538
301540
305694
207856
468988
691651
710018
844560
746147
366393
558024
854649
454013
346046
514834
155749
768252
363238
943936
930139
556821
387700
589771
758128
459912
583108
976859
950257
866885
371024
636747
363577
628033
117505
422686
832722
283849
500506
589185
312618
640461
556827
918021
452808
843072
698864
241694
512764
593289
282327
115254
693932
605186
385121
951731
321637
582905
976595
213488
525596
151284
579678
613662
650767
836721
323237
697336
642789
973183
776001
734900
151298
343034
195814
402303
775522
986689
391933
797890
146554
602675
552835
564989
407135
490954
958216
750108
897439
618280
224553
761480
619091
250919
284281
451590
610055
818792
393943
323519
435312
173240
902569
996153
962986
244330
397717
410283
402996
524925
959287
110536
304419
598312
467341
123415
657333
296752
578733
479203
107122
634012
653362
861155
871911
816364
151320
581107
620967
646590
648234
437596
258692
364685
678261
670265
174997
530795
560766
501555
398677
607642
145023
936468
149734
813748
548687
598582
789586
500030
393786
485353
343712
681281
157658
242391
807165
313015
174120
588694
449519
150980
499245
936237
957386
176470
337984
381547
834541
803029
851814
247735
308980
196880
350165
363726
650695
946822
743228
893687
959580
534662
949153
456163
665341
454016
336082
247249
903360
775963
751105
860657
112649
442913
485525
569453
117136
621177
393118
450681
620532
605605
556096
288437
527401
192635
175630
433312
962911
976364
688460
767962
921581
318995
558217
825175
318009
613686
624160
244060
637288
749029
712822
497543
178256
671571
937888
766561
383322
799121
238865
753029
478941
205738
200704
735429
195420
225871
234712
823315
906073
533602
998362
806141
211282
648234
159375
470017
509725
641177
703600
497159
460115
101179
992656
728496
327133
798980
253641
318081
130220
968966
731474
625057
115394
543892
857300
651820
311006
293836
402641
911273
299682
149964
906417
868763
245818
116425
538907
823533
271811
850339
994776
228131
229678
246500
303279
665631
315138
497967
324663
367207
920684
103943
566202
703899
592146
564649
513850
293485
140308
334675
358545
794902
111043
385279
673013
807822
593523
452019
937753
270158
304075
801702
887379
773812
935566
856794
225365
211786
519350
528785
328503
710878
444594
390581
632345
865318
287351
170980
594731
771471
118415
952948
728703
327309
980932
517899
571899
648728
320032
701720
840836
942778
596981
859154
262801
548045
129356
763906
321994
129920
578893
161307
735214
387390
944841
846765
628433
641209
236745
823458
534735
988002
262419
392819
650951
913438
100414
251280
590400
505232
800233
980472
723966
377486
359368
346174
170586
725257
616489
370118
873766
817005
978957
599382
467078
172241
356921
557040
169373
947666
239377
952300
804363
882442
108228
903871
965802
353005
320443
306492
910094
649502
351028
814730
967286
248006
590248
669616
549812
987671
908918
584376
672250
246908
213951
575266
998779
186458
341801
842489
646791
849669
342470
360211
363684
547228
208528
686725
446495
167423
570067
598367
845776
607111
839995
799779
284634
494003
136531
584672
391042
845652
291464
177208
337949
796279
902831
122045
673513
962780
858526
418957
783793
661183
911010
800689
145068
516209
520834
306577
765647
450116
339438
579188
931851
354720
426852
403955
671023
907379
423666
965852
287588
466312
891973
222252
702775
344045
794220
273472
802085
883114
497985
884757
531354
847598
763651
823549
474873
245013
922007
953148
624472
563250
873837
130717
416618
874840
506706
178122
665907
723213
651674
612622
274218
644313
532155
994135
894682
323690
906407
255294
415965
430802
330130
453729
151389
122276
730596
174408
444256
894347
941179
979904
351596
261763
119018
828213
922484
260807
828443
657033
745816
578104
750464
289330
932793
628375
610160
885608
588190
916074
164880
233477
431600
705112
409492
583858
853651
266308
649306
328459
183893
486163
416145
519410
382744
263535
243977
146118
668657
673287
918297
253662
522284
715521
178597
387808
799423
231056
314713
851304
738062
534532
409967
933494
419036
442324
928943
455492
662029
104927
701180
177351
108955
611607
998423
539264
444885
453594
186907
932234
903974
663900
692115
927332
296962
643222
244562
560647
518306
477367
144577
249405
605753
479068
251397
337475
865148
154355
372821
417022
353082
329461
120953
451601
987124
753577
524159
283404
897987
884829
709750
675841
127911
385016
780338
982051
924409
504618
882219
795193
615412
924271
187947
707867
714673
885247
253348
698113
113690
736643
871415
752087
638508
583197
243979
780900
501191
409972
801120
732139
526282
159126
629973
669616
641556
407611
565218
146248
322273
410035
488782
912981
180817
785141
875323
792779
341089
187566
147906
275554
428266
187964
543080
153281
791263
543076
973938
232119
115438
323602
370726
474520
916193
688666
179745
664513
396074
960978
973563
568945
936754
333486
464902
817449
489134
134196
860121
587961
817616
899163
282734
178950
639562
329057
757844
641272
394712
451104
169113
124623
889911
326282
351490
530800
579931
341527
524010
617204
382099
799227
322499
595565
642466
989431
992417
529948
265469
787142
850328
921297
546417
690030
709413
653782
706350
606711
110990
233908
578667
208697
870066
746683
128917
947645
393213
124636
828913
302223
876581
919115
534661
172270
105079
365880
235678
199779
629082
454409
426060
820886
481237
842874
479001
687800
558810
327769
840728
731173
724657
181740
672010
490900
254310
804519
552773
398094
377890
105434
828902
113562
982795
341289
155761
585722
110058
422014
889980
444658
788358
627324
384065
157273
811970
684442
838959
318334
768892
477201
971521
386731
451118
611328
607095
163158
797340
628598
943050
227061
183169
981989
503766
722439
377977
888873
342320
375939
913278
608155
333874
264330
820387
292939
481558
466826
428767
318503
283017
551957
286998
394328
681556
744627
293095
236076
181781
159007
513751
260906
295440
953414
748491
813550
552729
492728
121455
629426
137097
383038
214006
563653
365312
668792
678257
180481
355571
329293
122879
502113
209627
860223
773681
232570
423895
667509
216738
390922
985209
176556
663067
585044
502869
496008
405816
780147
872390
981088
979966
943959
393864
518322
972780
230874
146512
283311
508175
631294
373364
172694
961603
672278
929868
639780
803356
268579
227488
487630
888930
678351
984744
911107
374193
130381
857345
789206
772986
722513
974767
354437
839535
986545
100118
257076
922087
431391
359049
163214
611139
803822
218909
121336
109125
316249
445474
906304
664952
321448
114285
399108
744512
860905
861587
950467
823740
166443
703915
787942
554580
311732
108559
388442
406829
729396
363531
250997
341376
244874
669642
614137
676743
501900
653914
145627
569659
312233
354892
583898
260112
113218
430251
702999
559284
723213
957005
416223
284896
451871
818535
306017
125786
186904
292546
225742
483973
347983
447344
808092
994399
572253
539237
599379
753284
304896
728623
126333
593235
289709
647953
787954
764159
918508
170472
840384
605247
276792
103044
716818
922732
164392
455921
954756
382011
639447
990999
740489
206703
272863
489233
922180
455953
896934
610515
372174
630414
192762
162188
550870
709795
791963
706649
178625
841697
411574
593227
451789
645322
317960
981899
583618
975624
736449
137799
385780
621838
391535
635945
145769
462498
186523
923920
712830
406814
244338
997879
391643
789332
571192
691334
105558
320579
233424
247712
770508
464973
122330
483230
444051
207751
543878
795078
399396
814234
766549
702657
119218
758145
592891
465378
968558
424875
713198
536979
364118
687486
371225
735004
725161
954610
988337
946347
589497
752234
514311
841975
369078
343421
744744
316047
773857
403126
204744
529729
696034
244855
769446
341489
667369
162465
481567
391127
597912
554254
664740
961333
746662
288861
536269
620828
116792
208711
881816
716947
511942
823069
107472
788294
800885
361992
497803
823578
311480
660027
574315
746930
298758
921894
245869
874103
900295
222609
312563
235040
938187
165524
715968
683304
833490
598822
892806
163427
517700
908576
100755
630835
771062
497021
550701
760291
463559
332160
582188
111507
376245
884551
101022
865236
347128
990283
922834
869169
655191
372243
734328
324849
278997
975478
780081
570071
905756
644464
645064
698298
105550
700456
241944
758940
172403
845473
267896
572779
329979
526759
576082
918588
102536
202296
707864
661568
597001
809851
762039
297514
375122
242515
340516
801996
498862
148533
336006
731856
559668
587348
562483
894655
217081
496642
611535
219452
629575
977676
570706
816381
135751
836359
802563
821896
306306
770708
547570
274055
843613
584802
296028
627725
962475
732743
609431
160989
788625
375280
128115
807689
589692
460085
835900
188227
202471
759248
443523
951142
127198
631793
770336
642722
954165
280394
314559
236249
854760
392299
694506
314644
885407
632618
215691
225220
795601
686540
216343
691618
396922
259309
351337
207093
911297
566424
899924
213658
479928
705843
232838
577962
735675
795666
406518
332613
397035
932586
104749
566750
245487
329426
906070
913196
203414
289909
625946
593357
436686
454463
243921
227014
828072
961645
966095
980778
934297
940202
929578
567355
895014
909871
767360
754417
925070
401222
646112
200927
206988
407846
186455
336971
595551
147792
131450
935117
727129
177584
684924
285317
280313
296767
479924
261914
430870
770792
658062
372155
962086
558515
192691
739139
225619
127007
485736
590564
955716
974708
664173
125586
891171
526168
514046
463856
304276
212172
671840
178936
468516
319986
410387
991890
240047
315738
341180
734895
783376
335677
197544
244139
344892
368615
242883
535856
149144
726250
228587
246304
642118
856188
876212
206303
753036
837331
837931
971791
927529
249318
953938
621567
569163
759316
242323
442086
581889
837218
769915
280897
394620
651463
240173
366937
489173
284752
302389
176926
413225
120580
292880
573685
858370
343084
948645
843992
729598
375110
599262
504025
548459
956668
356006
443144
821461
608621
221732
369684
762872
663650
455925
444632
217672
974977
182667
155884
440858
755069
248777
868280
455019
477880
203358
940762
847219
365696
665537
357704
692309
529700
733549
817948
740019
970495
579808
236256
214227
295808
527355
809446
846703
314999
375107
250283
267253
147505
285196
682830
907299
596919
342771
842134
652401
221737
241163
918245
114444
873641
567835
212344
320668
569942
472391
632723
829411
422985
223655
182560
130121
317360
369840
579789
213167
919534
620400
140908
924641
963929
945934
408725
482611
978015
564510
530913
762341
586960
339119
331972
173069
944067
458006
511344
985265
900656
213947
673239
785619
129585
422376
333143
700702
171071
153714
486536
864227
948103
119598
344708
520585
713615
146595
680181
849786
575454
242816
798506
899515
866213
558157
309952
458459
129577
747707
497209
273523
241379
631411
682025
146146
425390
444018
985816
435209
258771
670171
870948
886423
469154
222544
767734
773376
815991
421914
917991
447028
287650
728537
732527
841571
616473
920527
126531
683400
267538
480516
814264
182343
407690
177556
755983
978487
330654
403929
706640
424423
521901
811502
172501
195896
723052
935137
959046
193438
509384
655026
457297
611439
518546
986658
365797
214992
976218
520675
236481
640590
278318
934128
164036
377928
415676
521927
570041
972322
584879
207427
596306
417361
389081
635316
615137
472421
547544
209557
328973
605666
253090
307504
145352
967225
967709
973958
116940
961109
118305
895234
582948
124372
492827
776204
402850
523307
320440
318137
649202
818001
238220
587091
783997
787646
677340
691917
274320
115470
245295
558416
447663
716902
511325
541850
523364
578321
218414
548640
523804
927155
401368
393423
681454
483680
303911
235247
154516
836695
894699
580139
412585
231658
687507
406481
921090
389680
136404
822271
365852
361008
413132
331744
674087
600476
724013
149750
548803
372360
291552
370656
218076
317085
340670
675184
805705
391680
594748
708005
747171
668488
877133
695009
283221
163601
723048
576563
443344
950345
601048
918242
316286
443667
787405
997600
638729
975039
484101
365289
612627
306010
907992
783980
597367
182410
245035
364268
142157
515483
741595
127521
207905
781716
701496
510134
209589
945398
392712
498350
406315
135755
139642
825345
805944
154948
743643
216250
221866
975055
457417
852347
598535
771798
123154
211553
382035
187442
254116
894075
822742
550145
334855
692345
420828
733045
528655
422947
992171
724108
140128
998251
103631
564777
206434
711902
317752
194292
237698
908393
283122
698722
288842
707626
386544
888564
847094
407869
247798
830847
124680
223741
147222
810949
747567
387385
423274
456278
705338
218331
124619
214334
886318
396063
356623
266277
739383
950246
997417
275991
513310
161991
189808
304631
204577
935936
272285
183318
844821
563471
108341
876506
420033
647368
234402
873532
841071
454157
309943
301374
266967
305941
931337
395742
132069
793054
304592
978274
977753
742399
624715
829790
996433
255350
271563
624685
470886
968790
273123
943861
919566
109436
414638
883828
741623
982913
790175
346599
977931
605278
881360
699810
274792
573482
952486
968142
181849
958038
932867
851105
851304
626745
976889
503304
884924
202039
830104
230195
294187
985805
865042
620740
677516
435461
593619
172226
567144
886073
133333
103606
248524
439818
892301
336768
759178
113563
414446
935884
821441
562753
984566
902737
201113
126094
341669
332271
173646
183284
986177
466366
274008
224000
987666
463718
835511
925783
345929
109089
242348
160969
695152
500596
233364
130264
228775
876718
678142
205938
700751
387679
628415
955927
692248
539998
547421
637099
466147
342414
225655
264844
815083
519586
206455
283556
655885
423098
142088
391865
706105
563403
417630
788420
988864
168247
947879
574834
165316
554054
429079
487496
623727
669070
122421
309183
441817
445109
846107
957615
892368
200339
324037
151690
303640
558146
979207
637789
878165
223481
482414
425837
240163
442042
475140
889695
304214
520953
772982
396597
598711
149719
579606
404509
883318
403769
905062
386823
681523
826464
779201
589254
413409
954569
760066
234107
796136
756294
169216
111845
961593
773414
987482
816992
138515
965815
876053
696795
279517
461982
525976
358119
706093
581272
704993
996581
427922
797291
838771
724108
773169
740024
718113
811274
320621
731975
346823
159218
105243
948786
349678
881923
814195
172393
667602
872831
975995
308398
903240
503495
978004
616193
905671
398284
484219
141700
843317
379655
759301
144362
215396
955379
338695
153009
686036
892362
614728
265291
949371
373492
794468
830276
332628
638146
434859
585305
975988
240239
939235
264957
136252
247460
581209
778834
552801
254098
158234
836593
636647
280536
267567
142859
343215
103534
745532
247765
299702
100094
208542
369797
705201
369768
750161
403546
677900
143804
541102
864836
987194
687615
933100
684109
773480
714135
916453
777273
299488
596288
984612
708833
708832
322889
327479
388426
438733
781183
365899
276504
404511
991253
367573
652799
909943
976063
560596
967730
538178
535823
737171
655467
988434
664954
652882
776838
408016
945685
885193
150763
257313
952148
804282
687113
257518
697913
242748
988391
455633
906675
674772
191489
403966
229389
839301
726903
420648
621714
880699
907705
570018
233932
360331
302535
492762
563581
816379
386670
442547
726273
899684
591385
541882
181945
147996
636448
902266
460210
808046
899815
642790
936513
409748
315170
902278
117052
470078
462682
189476
164911
734462
676773
279583
825396
524006
850322
669901
357009
355314
478984
221489
789867
226040
518468
273576
350868
319595
405026
984925
571851
887083
265966
571653
998073
428523
917361
336662
531698
755513
389385
913378
728538
802017
634711
712539
133485
916350
948474
585241
245359
722686
768528
242051
535820
665174
993834
388318
924940
946453
578041
301469
517990
218444
722898
204361
107196
366761
862964
752072
827270
701244
240543
709803
341101
218235
751193
830838
868202
148747
149000
453937
170598
315207
246893
459449
503449
906041
166102
203303
910568
606143
260885
374430
841576
690695
683774
711384
277627
272163
841629
840240
298085
437109
939916
600923
801415
749448
316316
844078
216317
267169
161134
678178
820640
904135
681229
304613
769087
911051
483131
443243
628593
374787
389076
789373
148849
518115
156669
721326
568483
577556
951894
700168
958979
724875
273768
533967
665959
246208
896739
521232
402510
583162
419449
195299
763195
771970
338585
614263
430284
869737
295275
220961
953049
406713
727264
828403
128884
170081
578497
830301
303164
210423
555116
120350
483255
291992
356688
718097
323264
824697
972907
787723
479066
728749
552088
694758
496489
804512
691027
224583
455384
741577
133645
908483
252566
642857
249680
484735
115630
132197
230710
363826
163410
610859
636390
295468
860890
694409
301646
610560
536313
945047
938283
961170
240028
890880
413692
381322
459030
142154
564275
904785
408793
502560
655215
265176
182463
510840
270453
262404
881281
346370
353563
222781
353524
988605
860234
980958
291910
351594
412614
178336
448935
623593
653108
909805
547184
379957
186720
272045
709101
250260
482009
166449
286937
610130
104915
433815
402039
693787
669424
281100
910840
484587
528726
146277
816992
168174
413879
149236
599649
387337
948210
293921
301023
314734
108359
909120
246818
823432
416324
362979
387135
160649
134254
281074
253319
537509
506478
177279
674376
244748
549666
636634
592792
210919
414690
809780
116034
262682
100615
625918
808391
490265
383608
459193
256490
736357
891225
125689
869296
721837
880687
689876
657250
331189
903385
116452
602375
704286
442346
291037
790746
768878
810197
638226
959575
924766
334073
703863
333219
868148
214697
860646
150739
962847
735728
437044
468297
564879
801300
790450
965221
468770
578606
406183
709542
330890
942175
434665
940348
285149
347298
880712
511162
445109
777083
677095
877509
683946
889558
161506
878007
273677
186279
208912
100553
896693
241961
440868
483039
638852
773039
779150
597800
960307
633054
670062
152506
742662
987980
140171
123534
162113
190585
630567
517153
682937
444180
998477
983407
924567
473855
257031
605581
499308
114452
201133
276459
355250
713681
643731
867865
620779
197815
489668
238647
304599
711783
688626
978840
549668
992482
873518
416150
433077
895241
903114
583336
752276
299122
671332
580975
707613
642849
333635
344743
884883
237315
209221
454220
279516
997248
305510
956115
677587
924773
524647
847486
191289
165146
836891
565601
120256
282085
897106
151843
236083
191559
460470
378758
221240
683145
167024
499491
709889
802112
721585
387219
851630
342501
249778
695104
940010
444532
359749
270277
300286
876142
454005
577826
730435
988512
607692
964209
513641
230909
481917
107080
464478
332217
213855
587710
657527
531691
261687
552187
247374
877444
875782
186838
727922
673969
586129
753730
369817
839588
628731
361134
871824
192568
399539
263767
212525
142707
498009
325247
440412
242793
748481
741437
656200
441196
704928
764488
439213
444750
492863
614472
659345
225315
355408
105063
881380
717688
439826
171275
340370
550102
607567
626903
179538
964269
312322
935626
228512
233344
943652
310784
878542
768202
610128
138049
874675
466153
912828
132475
615298
873237
279771
606904
166647
479032
240846
810003
922174
420294
689690
599559
989532
721896
619664
625028
683251
513128
316320
391894
948194
375423
195126
115999
185749
575217
829938
200216
413687
393104
227692
194195
923498
973162
423771
295844
567370
693286
341713
803552
849221
940873
975866
803693
812928
728782
182394
824250
112363
420800
270896
247268
731232
481637
532586
866329
919194
442183
744002
548096
562719
629565
934866
265065
923764
533862
430911
658736
422137
495257
928330
100258
242734
863234
644559
270622
686273
870613
121050
418745
173025
961861
581063
283271
501065
726006
965567
569484
800827
631951
280526
362366
444160
821293
146698
794442
881269
599311
324518
158498
602333
178810
914853
152817
341681
954285
950057
856623
931020
898070
159266
938594
861408
884460
877229
669711
134480
156597
458155
286987
342058
144084
631929
391287
575408
302113
472562
822123
906169
610122
521357
374675
369728
102581
600600
963880
312408
803711
244632
830520
141607
726470
734311
124844
709240
785588
444516
491755
758612
762580
291369
271967
245929
163176
109733
513320
553045
769007
596996
390855
852969
287092
542511
555441
718194
796050
982394
235762
147573
460351
311647
644999
780680
498396
144243
375781
529511
263160
495040
723158
976397
742709
927216
601291
347945
310511
996951
568041
394819
382047
224906
482153
260961
843884
592893
501919
730890
990605
449828
836522
866917
207051
895849
433714
313957
171114
783699
363843
873029
945307
889626
265924
217721
848613
316295
880281
386872
699883
225976
868302
237895
117916
950016
112321
349175
319465
858463
217245
908661
489374
264640
259011
454297
510451
628525
529633
539837
315740
202089
923921
419675
760474
116640
243139
134831
999627
199153
119137
744740
554231
484325
370097
718557
527356
988732
139618
624274
254292
682796
654526
624953
682056
688809
952212
672190
555501
405526
277335
333028
999351
585559
448071
764188
817621
936957
560699
430873
445949
231576
415935
980932
399965
867498
818305
110931
974307
447549
550915
202803
665740
506259
569062
893127
558219
437714
668480
861824
117408
638161
692827
481831
542542
216293
299333
838467
106272
283609
148363
317087
999747
689898
193007
248513
599395
970101
521499
909172
340148
864872
342723
742497
556476
109175
836468
684477
970310
323926
803358
711573
153673
347388
901192
890634
973930
816965
343671
961400
671713
482970
674397
281431
958382
328392
772293
342278
276177
229388
149867
755049
403406
986110
892759
151694
521966
174224
447697
218792
611827
875681
654165
666819
661194
482961
523108
580775
159590
221969
802131
511471
214784
392954
935922
337329
809934
863492
481130
285961
691221
530392
925976
509350
192417
683235
126398
281667
685704
177245
103347
401278
560848
901221
274239
261795
285693
163226
162345
162174
194531
776713
978807
533825
170066
250151
948788
131092
340992
888018
252273
723011
865438
566767
703890
677290
345181
592949
619058
491049
295983
718208
139169
234713
855130
464518
575068
657891
548917
305755
429980
350078
781874
968502
585092
508669
408518
809728
710071
401382
341750
471668
616770
921851
345652
608114
842533
228536
303496
446010
850951
490637
729409
689357
820498
310598
269695
420863
397236
243038
277806
336589
824895
343487
638422
311121
909843
824840
823559
987211
553523
780832
798765
256539
609479
528400
423479
591126
522692
412008
480517
608246
801437
316818
750142
900765
726984
801647
733141
357715
192238
776487
804163
785641
101171
844599
892655
120760
366691
484325
755984
908440
421420
910390
490933
501045
539971
341075
862038
508828
604399
165980
401879
836447
143701
220659
347691
702808
531920
866239
281056
589116
397091
376550
279814
364177
986509
975753
384570
553557
339989
148839
918878
777286
348700
735106
533023
727507
649378
137963
996028
732562
425881
715998
519493
341226
234391
158265
733296
959209
688360
659724
789367
584546
352848
564834
428287
510715
745271
497205
582090
207486
133307
924384
631924
203099
622645
426343
846153
818679
889990
467699
148838
654999
157796
185085
535780
134785
825207
981199
792890
687643
200575
941620
814539
211909
728639
279492
879627
116188
121153
467082
785048
317397
896545
442587
355044
758827
946331
731507
680514
381108
132333
821476
597312
827029
734470
610385
613584
594473
582815
747905
370985
429769
839116
694863
802109
746215
420637
888784
901861
474043
867276
884496
349314
802448
993924
666700
416628
967179
653935
920764
803913
312489
477612
781800
331161
618636
666246
820877
452889
754986
602272
620587
978065
656132
187941
581727
164873
312966
636724
765469
549368
483872
769171
867372
678922
580269
906303
617380
866119
403622
539008
641461
508918
927290
107810
278036
174321
924818
570939
500301
894727
710144
416246
773988
750516
495957
612609
700144
886308
991968
941342
826504
935502
282920
280897
126381
585852
862595
502931
333207
280500
460834
717583
157447
258808
955717
929315
598242
671388
129333
212028
433978
903436
197125
320325
337344
373781
618544
987935
512298
358952
883850
383712
438631
894049
366464
378397
709287
781619
724979
765417
795564
283763
212274
871281
512407
984301
772776
640983
924113
261977
377360
736569
333594
978655
705933
634792
123890
714111
678421
147456
438967
629991
864303
542411
587128
906778
542891
580378
715507
594051
267208
555369
232377
937128
940011
592731
940971
335114
327429
242631
123379
786508
237368
788869
150627
539303
298962
697144
463283
193399
327663
174372
818872
548805
450616
658568
576465
920214
295251
320930
916079
578603
569840
504178
316419
347172
977589
427604
729354
884245
128676
468005
905811
464514
446262
394469
643537
585557
681678
314447
222165
979009
907191
162506
947462
820124
702541
739989
787638
708867
498352
790422
152747
464372
585851
990484
818858
228638
451362
563311
601635
188416
114198
949973
223096
838351
483616
653904
458041
530770
631423
646517
104105
741014
576333
140310
656195
992459
857611
849822
121300
269995
220244
699659
703130
434133
925448
491193
558923
801188
618657
934101
870481
872013
643144
281804
513192
408549
633381
344520
695137
504513
645506
512145
997022
152224
759980
128668
443425
820891
979860
580510
425406
503485
515305
955493
855554
956628
523292
222774
616043
155039
371129
858114
102977
925150
623752
473241
750423
210524
142050
207792
665618
637190
373458
374356
216470
122806
724929
624928
504744
808109
116782
360376
664395
593998
417317
525035
699065
414585
298814
566421
756060
225201
623268
463930
862713
802106
319628
387768
301700
740705
684047
604546
156615
161033
629954
189731
668110
144422
302451
961447
620337
657345
480638
166713
377245
522948
885121
588333
887521
548262
440957
539047
710942
985418
570251
838005
480465
647574
264083
159111
912837
496279
438434
199291
544684
832046
819340
111823
970005
972466
813307
963897
336255
967305
657284
290308
939614
815051
976723
492480
909343
921496
463012
397934
786605
792350
778941
766702
972243
631981
521182
473476
249753
911107
702486
822734
571153
301241
871610
824494
647833
300125
688817
720804
813863
886637
239708
359044
707065
563168
328672
205766
244250
582159
298148
710974
535280
765106
751130
443287
469849
482877
910196
226987
897777
986849
121484
577421
652894
549064
496281
406175
363165
660801
896164
961353
125099
174773
153771
615523
300193
414913
913981
150430
284052
238998
802095
637701
547149
885096
456200
668060
982832
632690
187800
230923
794178
202472
764290
142145
489902
364308
139310
323059
715153
941704
533227
632316
710006
196632
440230
478134
841085
805736
905338
824118
919706
817100
102981
492082
944724
677982
534993
403362
374327
293914
684711
676692
917697
574390
656324
294920
361412
403150
337301
855930
294348
780768
162638
461035
478748
415886
457447
393478
138513
856444
797738
958850
265486
847052
941042
733747
435353
359801
317456
589494
850872
287401
288226
736186
475482
133710
726531
378415
135610
316128
425424
984633
305196
116506
463389
597677
741798
303346
437380
990635
975460
353600
303688
318002
249845
632356
599798
146021
441897
193494
122780
558537
642615
793352
355008
729031
648129
625627
751932
714471
284713
278274
568886
466293
860543
636415
543719
560422
613059
518564
255901
488256
896878
333187
158013
533533
398945
793057
117177
225979
718110
601599
100576
269700
411015
541607
645424
856308
643604
156451
841745
318153
513436
147270
205197
592943
206987
818138
914363
415128
979851
782821
742663
180566
699437
881743
897292
217633
137877
842926
222808
301089
170686
720226
277590
470705
218802
548578
523353
658918
405643
306720
684274
271707
212256
543980
734524
483487
911525
772889
782675
137350
816191
337486
229804
385102
433501
162204
208163
107886
964671
199252
535752
451339
984817
581469
193392
395167
531993
139622
405312
659554
955384
723292
280180
285863
958184
564281
104043
518095
853960
350033
648240
720451
604762
566871
385467
604321
394103
544225
292747
765153
147123
706865
306986
994502
287599
765762
889057
218860
749284
902697
366635
372890
495769
333388
454815
837951
679967
476181
975614
434226
537920
205485
885174
696963
380579
165997
984477
550244
320648
771687
487667
224690
406040
569922
442419
746369
573148
902449
149870
617770
254623
686420
898043
202574
343006
153237
527362
430762
105696
203876
167881
270933
852262
624523
112237
469847
713774
530665
174952
884141
109946
854877
277332
971467
489054
179939
288133
685177
889279
401844
385591
225339
738849
373667
821286
334026
698205
612183
946658
405042
306264
614988
433173
792836
317887
270075
424903
797872
932603
109832
729967
179060
280823
592318
558428
829755
467266
979110
854241
948685
793851
860483
946961
607593
290621
134010
762792
751465
531194
669216
862415
783080
375602
158974
609551
422680
395709
463069
994029
784280
639230
412830
670976
661426
902057
276909
909625
559436
205262
655711
658111
471948
832677
785226
145560
160428
724700
319408
992635
409632
648639
864071
813575
911912
105368
163083
123433
795488
523766
283109
292701
995100
521156
664736
715164
881416
154455
931834
387836
260538
941823
463385
892182
177625
123392
722398
270829
404654
274222
216560
889882
498483
567771
882628
396614
680427
542787
575141
390986
153088
715600
515601
773542
103962
245876
835862
551911
253349
882009
276633
954354
970071
905148
259437
861737
205797
848445
281753
379412
103862
543445
299716
278364
273660
933020
299382
218031
708444
932660
946176
898416
749247
100158
204253
605834
156258
940815
383614
365449
380079
644508
626234
515617
859673
223746
929668
545430
121279
115454
715026
470737
999265
673924
103561
538241
338823
632370
758779
358224
898387
914054
763564
954904
115172
996436
374040
267586
452617
456274
239214
311701
262372
525247
721999
433170
892949
909763
203815
663974
414177
611361
759737
681254
211388
628559
368019
878470
744414
668969
529588
503499
301988
788830
176287
750811
393868
797498
150652
789209
462671
974854
995398
265907
819270
173209
323387
441252
653087
234020
751897
181031
974751
356176
648619
287743
970771
597834
271521
815583
644497
930844
291811
413405
510083
389962
242336
264674
961779
584955
238569
918585
905202
873305
232008
630136
793847
727187
580353
717154
335865
992555
969195
525164
891440
410316
516991
536490
896690
786886
295057
980323
461571
896409
503942
245897
988873
914382
639753
473953
828883
138929
604497
367766
773682
851289
113276
348847
727953
781579
506312
963788
515393
219271
414760
900600
527329
247044
536224
696338
445855
133055
195019
518441
280056
618599
482628
357229
983051
433921
156619
921557
535322
308272
993237
837316
362220
424476
355765
922486
618923
932746
735498
320370
526757
946189
853164
390625
956135
901738
801176
455429
753548
430693
755924
822367
386963
848484
179194
601858
118971
796413
727231
369820
593859
842837
260398
410900
183971
937624
960467
719882
833788
212282
234376
159169
362668
921873
408549
183615
474341
157748
730044
929704
442673
550090
653929
185947
442437
673769
256889
133738
949308
785092
953703
771119
885675
177727
429516
573249
142167
692801
460753
586743
718649
762826
940605
271154
413095
689958
394428
311448
865595
739098
170036
783828
193943
791581
350764
683743
724549
246509
786975
605313
798227
792315
263648
255838
564332
567517
579427
293777
932053
456050
246884
691135
210709
732215
999127
893513
134591
335596
738731
662464
919601
702327
887893
672602
216620
812324
857270
299845
619505
861354
690184
881746
556652
731931
780706
449388
747110
967276
159730
111688
300871
275922
982972
734106
354373
777293
841044
661194
295925
884042
659465
917540
932308
527441
769524
877053
559863
596452
494889
997581
507276
776914
892986
527286
546930
954807
792502
823130
292391
352389
418411
806827
572100
730099
975912
302008
921305
657617
890582
945096
182386
332054
225681
433011
398682
419484
184794
776844
838556
346891
556824
281443
379667
465320
404078
443416
257641
762856
113090
516807
615645
806264
318461
130241
624071
285756
819418
505982
463327
947426
978687
452902
794185
424744
431133
865213
854253
578670
266057
868065
213654
643727
913119
860029
317733
668443
200860
111682
587620
701727
548550
839560
672131
291610
381345
488308
466785
619896
445261
362104
356353
577842
639528
354951
382220
173183
953347
549469
397642
920399
944841
238234
972761
182300
205786
122289
437406
980186
886729
557505
106917
703261
420014
533898
465436
859360
362961
838198
783891
575719
591856
936884
225675
788882
404915
796360
343680
979385
215041
129041
151709
314330
725916
838219
907390
914429
133202
340049
337944
798014
341715
190105
172931
320363
423585
258774
563609
773226
226125
269490
520517
252063
274455
849276
642407
100887
694923
860575
784949
976951
124076
362064
277200
864384
228591
738643
472042
474536
393394
333796
453366
360807
818637
766180
283085
663464
523584
168203
252403
248377
284968
204415
845993
689375
898464
120858
293760
104248
631008
817404
131163
642717
561760
722241
799164
108991
702695
610950
587232
844381
193349
486518
455381
409343
342330
348414
305144
413166
841969
116935
557348
794080
618273
896003
204403
237728
903257
252916
120531
830103
219820
292904
334958
717180
779436
655069
912923
879002
461841
532884
602195
645891
608474
635876
260776
780875
246875
584152
522843
659995
447569
477051
818203
885177
422111
516820
331485
368844
845178
956595
488792
756545
613334
529503
226401
243206
348874
490211
968732
538743
151666
528445
361013
699136
653098
658246
855289
515331
641432
184005
525632
162561
493699
206037
770798
875671
650781
894436
244347
996708
642300
882197
190979
420933
656883
482796
887462
636995
277031
246025
867829
619796
699143
911990
323981
934537
495638
788905
341618
254633
654270
459257
178530
170477
326924
975240
151090
358501
115950
828730
857429
155958
147708
951252
123731
347868
691952
700614
720229
242157
760559
117859
861002
182440
703842
338142
254027
164643
371733
427090
254517
919055
449791
635240
535333
582994
142258
354267
839612
578729
104810
363956
646740
767781
190164
814412
275181
292173
539553
273332
976861
376136
837841
692750
675030
254140
646715
594754
652750
744428
127489
484504
689007
242547
972622
139923
353608
147438
200639
986706
974851
156265
942821
561285
501508
191228
872163
475907
893470
810455
404824
138188
359138
749299
530495
726706
495763
514935
262853
447164
482253
716297
575607
170871
586464
327438
523655
195320
862307
199449
416899
963115
846763
221058
942033
760042
690478
545405
209666
532960
736323
520346
412270
944985
716814
260024
161540
151499
291306
304441
937403
733932
855479
815068
549083
842155
349026
678817
719951
948850
909682
323592
862087
835890
758127
233918
517956
145155
887326
966693
805548
431642
430776
383793
803788
259631
265541
980735
731830
437831
627365
528597
821637
148529
775105
259643
257496
395000
723404
499569
973221
115533
395254
312628
163760
932312
847899
174272
961495
883199
244390
261414
553661
560022
919131
566617
344015
694125
214825
579928
914892
129585
395703
102974
860283
671256
560896
184073
745429
694902
236202
361265
583241
255317
469536
273657
987813
635982
861396
821288
739708
845678
240590
677484
218346
431909
358047
395370
469195
606629
613633
850640
940896
226193
737495
652351
812496
520341
790484
487518
477612
932284
769234
675471
899920
674234
356271
891668
501841
235320
800700
393211
538990
472302
256332
290555
800758
238191
758776
734302
815300
233294
596257
878071
347623
901585
505603
395794
477679
769686
123053
496942
287786
883874
148652
314682
841017
678439
469463
868388
270417
235410
926945
258691
796639
705650
424311
343595
684238
430037
220324
458855
669144
415380
240597
722266
886512
640486
686226
123313
754420
799074
634239
910917
302962
673894
109389
837916
649227
232963
531341
401186
317149
372700
706550
225981
428623
631474
712671
697035
975845
339030
987773
718133
242185
546087
981128
751950
794871
851072
844106
438606
754945
952869
240341
976401
510310
270269
518383
914208
194558
629449
420864
191497
476383
308917
613337
441411
556870
314334
957498
884042
985483
980457
532168
986891
209143
826783
229987
470069
266011
961282
384020
924778
269716
518514
767786
495540
990248
949076
635735
930416
919996
404862
923466
942534
104500
854049
473903
967168
917565
557712
169701
930236
207664
149028
106550
669626
283707
750164
778450
805177
747650
858667
484146
275342
580993
729802
188974
618935
263116
258141
242190
920745
345987
258943
647845
418090
703146
831757
263019
104934
970600
506448
108177
704259
111962
928929
671971
181759
558121
964106
120691
228894
419046
322173
337515
446380
399710
539489
284348
262969
938095
174598
322930
273992
497620
810067
442757
125375
355191
252889
234601
330481
676048
813356
674226
161371
569184
813897
200593
878743
728307
308115
480255
101477
850665
297238
866181
156259
970975
361254
540521
119579
519240
467955
334565
183173
852395
386738
590621
641896
673814
937859
299411
222081
866490
297142
554445
707213
530812
138570
523562
591202
424136
749901
921979
928874
343757
554403
386456
122411
377086
108566
235556
470945
813609
541965
462888
355075
731808
305214
155765
884329
840569
231129
242213
707561
659320
936996
838511
654237
993824
518110
959786
541727
355209
682583
932232
562393
805999
291958
705242
149567
407541
106418
319679
193102
679071
242082
184150
622825
337264
534975
504772
771321
913291
492955
397380
164094
882895
241679
681909
121727
211831
195882
967885
856802
327897
170764
888400
827648
653044
315263
110738
687450
342640
283564
141396
832159
234153
606089
315088
482284
696555
675858
316434
938419
953048
470580
293048
130074
615046
990862
897230
101390
889756
132593
133940
187962
356504
180261
557956
166745
956644
620290
734273
494032
550102
934985
916714
259241
189500
987462
281745
366517
325105
761904
106137
912413
233123
772781
102902
669309
271967
221810
432892
399079
432918
208339
541652
874643
849607
186775
890582
250134
600610
891882
171035
446314
450319
101807
246558
493452
255625
110090
107255
711602
321239
856082
865977
189233
595461
564145
767769
431114
414745
220166
364797
202917
517512
430995
593109
545160
596642
654785
386774
980773
296526
233081
319531
344692
805673
186897
808938
908595
943883
662733
478428
486180
221058
963375
724417
588173
143899
581860
685047
101684
228113
229903
981027
834965
534041
199312
429358
125941
678648
167113
403583
144093
517231
837262
379940
320378
212805
994316
243228
545687
473923
236984
387753
935625
634564
234775
458258
653248
609657
223252
278501
589729
167393
413299
197716
194642
901675
192463
513037
529027
933077
650855
528055
306467
490104
358841
356675
983229
766428
861629
526098
915477
283870
147363
380509
791776
547926
560009
902603
689584
670624
535822
641697
850421
511714
975790
344118
861729
462185
444377
174015
207500
540865
984334
657479
591131
603902
158065
329058
227729
481290
553529
604310
811645
287066
288207
611550
548424
955823
584616
363699
108071
594306
703776
971802
216530
894059
992557
469491
303922
630864
388957
874355
752756
441644
467236
380891
698790
656218
514729
829260
619813
471714
439806
405884
329129
224362
778669
847890
856491
914658
949629
580546
621126
195181
300011
129964
990373
518943
577825
581002
822230
413405
511262
428340
966346
655215
385624
973590
973352
367200
967898
917858
423786
779770
354867
732005
464304
100905
376431
511242
908120
624518
949665
546818
196997
240337
171224
730590
897614
836463
723868
610514
216843
992671
691323
388751
728234
160851
236175
577441
596253
870628
300007
219162
233741
109972
479202
985597
655954
661735
296516
982095
181923
668266
758438
165264
426781
329793
856975
105606
225208
913298
706000
931981
404705
885379
221013
958888
122662
994686
271848
109077
900208
205945
805351
325559
965891
966344
912634
865138
107368
614251
486738
840580
146234
201676
784539
684362
911189
592810
651309
127827
753494
951639
450603
488599
344996
154585
198083
738389
860090
413440
846856
357408
471756
152822
843654
273756
685541
101596
630483
298884
324390
943626
638462
374587
394969
370722
337873
903774
481235
826803
519305
707187
218367
363671
701109
273192
234160
185482
571484
342996
567468
625735
346440
207097
984848
255652
881502
201657
178040
123488
751024
253014
257180
268597
197714
233297
148694
880695
675421
571261
577125
565320
239623
442455
377374
744488
542713
905566
428960
844941
607906
145514
411433
738983
254100
595278
650940
222489
581006
999182
933068
707052
837508
315935
313131
422787
303953
148338
750166
987696
364388
317263
972986
747646
711005
602428
218754
123623
166902
155880
170459
810984
253099
809738
967805
856725
385766
615993
360001
641208
412431
707103
266772
931828
489547
929968
179487
399110
913612
907852
744372
555745
519855
257495
824400
787411
856373
530485
401699
831008
958044
782633
921269
101200
158474
936795
760169
776461
288398
982561
338716
342630
985025
386687
661827
324325
985032
126616
301934
365959
753054
588124
947633
835407
691342
711509
806111
155477
993838
595759
489497
756010
994307
237657
712378
833637
558384
642919
800866
385069
160114
830521
197756
510360
590161
692377
210211
852409
648130
674173
752843
991649
439759
384001
694480
451637
909538
766855
997030
449717
834133
924840
322822
171292
638912
923724
528308
476862
184172
537251
175669
870914
946502
606235
521300
422320
662523
632818
865666
666244
373177
186924
359803
547259
838577
400258
671974
416880
117662
650241
752274
547601
129070
978245
182107
604072
375478
686260
933549
641990
903421
484291
566256
484802
588244
426249
609198
628225
768264
179366
940717
623059
391605
895923
407582
319021
853110
967834
996551
793775
120082
824268
677583
713976
523125
205466
997172
202188
953071
464552
823978
220537
421781
891015
398020
263357
426529
114006
682202
522563
132592
218923
842395
681398
578257
606932
216047
404898
781426
678555
704496
950694
661325
996159
942162
162385
605270
957720
840119
527546
314871
633065
820262
479019
169169
939422
582136
156498
618734
221693
236692
255053
502625
148594
301345
822979
207862
677454
878785
744730
222442
832945
847461
193448
200628
388446
778183
537690
419513
872586
728744
758016
792748
605721
826559
549259
591591
121239
630214
623842
456132
331733
348037
889505
745109
217599
343136
207847
528390
439102
178706
433504
436241
246866
608227
262020
467821
103764
231941
823096
485632
424336
444767
469892
305012
166752
390640
185168
393324
115930
471310
112839
366985
920813
772461
585317
596036
741510
698767
881430
609723
870097
502421
410402
848635
121904
577833
867711
108346
712538
676704
579396
982230
907849
965545
398131
441430
226553
451787
366192
835633
907459
865210
622877
826288
114865
342796
601453
114491
317157
207447
314028
319192
363047
854990
949692
196610
375071
502477
262319
344962
369518
635119
619234
111373
512283
179729
243829
111370
693667
319922
170844
620240
510318
830345
982355
204884
731359
250333
822461
187575
808497
555305
343360
967034
213044
222542
911640
559282
191587
864031
764742
545799
229473
882516
152940
498304
360748
451977
436624
283970
685513
301050
632650
521446
515859
964866
204450
704467
976453
204404
519339
261232
210820
234110
601676
477943
540809
408117
523221
460537
397525
447784
734370
328823
521102
818453
279235
837238
420178
738216
783455
596983
631694
322401
662056
278878
495763
331883
782953
149338
988456
813787
678206
477241
547941
282652
868349
143723
927679
892501
384438
945946
597956
595847
400091
408692
312399
402253
880611
982342
598084
873159
292659
470497
159000
391256
941615
450475
483387
740510
553762
708122
837443
842614
997819
722149
923639
241216
957270
499347
164401
421314
155631
414602
923576
767026
336387
834828
174965
471997
558423
762773
550765
850862
122645
890282
168625
500488
272773
824078
451443
197326
168792
223677
561642
417211
168910
184754
249925
455515
649686
963924
915045
861691
873019
699456
965679
649964
816506
925057
712515
317012
930606
778268
543569
636380
842980
691202
964806
279056
791891
205406
698265
404349
558185
399188
138378
168826
676140
883915
613090
410029
831230
116589
668130
683405
604423
930590
777228
272849
406402
395060
246916
577343
965002
550029
229781
869185
188338
208607
134039
645085
457683
315865
259093
586277
354268
225425
863056
128424
926719
921721
881383
728929
747193
704563
901115
594590
475291
339224
179826
965583
883596
666344
575993
963846
432532
925014
981836
953731
998014
621773
332783
243735
347272
201948
897116
884449
488550
725928
608490
857389
804342
559427
859436
368677
813874
248737
542201
918908
385166
350142
428332
449663
869657
177055
409038
625967
385003
308615
126935
479688
218924
879167
558336
198958
263450
767774
473262
236151
928583
928411
524671
976302
596437
411622
741799
605669
288379
615803
920006
762034
731896
897247
106194
708728
188327
773835
325752
917358
168489
400565
510321
542050
979987
141508
932786
297764
446670
446937
828260
558871
157917
253983
818380
172145
424720
624076
145366
800895
675560
629976
860862
711789
935611
927547
408588
618796
110345
486425
310545
448136
994632
261683
170617
261806
508465
191921
353472
725322
310235
240186
253289
528119
101187
953765
648930
477549
425105
562759
453369
556247
626507
167721
943727
991707
622532
778492
932312
167519
349695
957802
190572
653054
886873
456335
967121
274848
976107
650051
215006
169649
680824
650743
848537
378024
673687
170884
717079
525408
895912
295395
602048
839013
737817
459273
716568
984676
331438
485567
752759
658536
129647
679246
550999
408958
638452
603857
242173
200311
468214
406455
116665
707995
938487
269666
619814
810441
106550
251989
827864
292571
477185
136807
329210
664008
161802
593797
895991
169814
722078
132962
402487
309673
613442
743015
297664
874502
195291
486979
212460
180960
577590
577777
478925
964372
222758
658877
524436
887125
822605
931182
223689
879769
571966
783490
953092
740678
191261
957881
643982
402909
855173
759411
413666
484690
744937
807444
194464
425783
571929
641489
855325
992830
255575
486993
754308
740524
925988
564021
280968
648824
362607
245706
384103
636319
970146
511809
959939
783655
248580
121562
243625
797554
803305
373760
141607
952401
894855
962106
499537
915321
642449
798355
778930
479186
852973
230078
824912
506483
877294
323213
726878
357159
347874
383669
366739
633743
713386
221110
625567
246299
912064
681011
670374
873121
175768
807036
267085
793673
355133
277125
449584
580467
510923
998501
898837
359514
549254
523521
665798
465129
155700
175723
722945
181090
121666
474779
239209
656614
963663
621600
314164
337374
991679
204034
744098
505581
537418
855726
197206
567280
496438
593677
525138
231104
456763
461828
741941
123654
937115
596527
420638
242618
443759
893428
194690
343334
106403
610683
236418
761324
366890
139608
314182
418897
185672
462218
443546
107094
766383
224902
766339
788393
637674
367756
820436
212726
898122
183166
858643
477974
813464
921342
708349
679625
705938
540591
492682
288020
480297
637870
991782
366198
850953
825345
594747
990422
511518
587563
378223
249051
642797
960234
553385
871071
522072
630362
199206
103424
520474
977759
962189
256852
901283
928204
553944
363050
844559
565434
815470
961400
844436
378300
421090
991052
857250
229458
416341
397111
279437
671037
556550
929890
636157
812238
553643
614700
850352
692274
348136
771556
611959
424483
138773
426926
766808
666132
114254
220767
983167
348666
178095
106541
488167
330260
793519
557941
612510
778496
707655
519017
443933
813408
705993
555304
717598
708998
542026
637692
877180
836271
865419
950183
108250
648596
314065
722543
219737
900992
452807
825139
757233
714089
505833
622965
110175
169088
309236
173656
880843
828569
338151
866804
547522
136155
991632
453531
691831
495634
318544
720007
410519
625339
688592
330110
234836
487519
665059
230753
194225
199554
148108
575189
773148
686972
864164
526089
707250
556186
483726
119880
681069
271475
264660
935109
584166
893563
601613
569659
683522
965157
876708
513051
997868
984978
545746
475624
218373
621476
429497
292969
368420
800312
864693
617752
290320
565794
353384
234414
576541
886499
746667
318359
489302
758432
226341
516056
433349
301287
232621
711986
587740
212754
980481
189604
317815
902145
685063
514985
803473
812358
784717
480037
817359
798074
385340
277655
122015
286860
519282
715946
873859
939190
494014
121118
319205
843959
398038
712310
443739
260039
410481
455728
377867
150068
384458
412867
457719
473623
382719
156881
373185
267362
100294
192988
734767
192574
809092
525881
226824
342208
384091
140881
577146
380660
546377
278289
122026
653540
132822
576901
929919
728412
468313
935373
247010
678344
868945
296832
480036
449496
297133
799460
495804
576448
105154
637674
689002
732391
892437
678453
340425
890535
188649
170496
287362
483298
804238
632196
229908
251924
980848
585624
478629
906131
276420
187341
210169
365249
778663
851882
132043
297464
126778
176618
756413
599493
248624
961891
822758
762789
477472
836748
901530
139304
966286
883380
503292
774520
266075
802474
701342
490681
412546
893058
787670
301751
898473
866864
926899
854907
576990
757856
212356
331031
281122
429466
647938
386875
305784
927340
529366
327441
113326
222174
722230
480923
667266
392249
794346
265869
877277
119339
607748
366001
275396
860147
251350
720778
972481
162435
816882
394810
412429
682647
986797
220308
918083
615034
998554
364394
796007
183200
929140
990045
356573
105357
267430
921606
677830
800902
581427
755136
283948
660777
224396
364386
429480
987677
124736
179093
191495
250021
858588
195247
393893
700021
487942
596450
465967
368817
815197
607987
243449
437858
250996
671982
123917
576677
298708
298820
518819
705944
765610
674265
433098
410783
652512
835461
607927
109492
742715
601133
161905
551939
791321
267838
919176
454404
835768
924912
634175
330991
250226
297223
888596
316416
325860
668433
392515
222054
547864
924348
798907
152880
508252
301148
452202
275081
782707
129293
955841
534655
202288
657000
971087
284975
138416
118204
221017
269677
284515
422802
973126
960180
975123
198377
844051
238202
795127
240553
486190
238511
210600
786636
903758
180542
132095
983501
541549
444013
337891
461380
944109
548758
910409
933299
253824
633220
326148
592775
425860
797459
970430
506739
572031
760273
960539
326262
766769
169469
429959
889114
457775
666222
104284
290743
967019
923351
654575
541326
578094
579500
636392
464086
566839
969736
231144
221443
736449
773708
511608
972685
715196
509197
783249
431829
842952
282381
844970
668618
245060
129167
254265
338398
377820
107281
275261
710620
316800
464753
465964
168748
788369
899419
291308
344361
708082
929949
650056
153464
357309
158220
370073
267342
390301
801765
728680
587454
147899
734092
876245
856267
413825
765275
401848
663910
635278
471912
471024
694681
208644
453695
934719
673540
992478
797816
701415
950090
395108
686266
382690
838552
469356
143442
872357
838612
812833
204805
536109
421315
425072
466086
195076
305120
514794
667478
689800
874822
481286
110976
764590
768983
244711
485531
732362
273130
366459
830166
129757
640363
655526
683975
999599
466474
694363
432373
795289
854716
473618
618452
934498
266315
163047
141029
405386
477248
969826
755031
483045
156079
289478
524871
127709
834386
786862
374578
801284
853645
388134
411533
575221
468072
713176
597571
520414
509187
590129
532592
206634
257502
622246
159605
507848
770050
814283
651549
763709
732340
974873
213578
183472
477543
326112
925264
736772
274037
712547
298065
988715
375705
512931
800317
467861
329828
347386
307900
188479
766815
933776
200918
702923
907531
181084
203201
142616
229415
931332
730142
410403
381958
576959
793978
805110
412801
156301
229293
205532
587028
141824
739951
875893
280781
359934
859199
891374
892987
615335
864344
183297
115498
804579
435048
720218
522732
423678
489961
214360
229986
821873
171116
453081
936546
385882
654225
773402
465914
163393
345450
699249
484181
619797
158795
319902
698188
692573
172441
301575
452696
765492
524740
360021
792848
643216
261218
302581
663960
464350
297432
294208
787173
661792
637395
907133
284593
815641
656137
455224
911543
163600
330415
214254
960674
624169
448355
146396
665381
231861
224227
130406
987370
289991
936342
204451
342841
759054
978731
660144
544911
730407
607463
891385
106120
168336
826344
771611
475972
806715
500112
532114
393629
327560
517799
640470
717075
839749
682864
624323
933724
360614
675554
617705
819916
723269
745220
213594
450249
135270
361115
763575
884049
269172
233357
656663
461854
497587
412195
813678
574741
445876
931738
809151
105463
637870
202084
615636
470317
933038
435767
647953
950870
701644
802947
664245
337859
329674
272153
726973
389836
428849
909615
332152
683289
933032
146912
814284
404589
992556
652518
612214
768836
996540
111491
217510
901578
325467
983326
572590
272296
118714
702447
210759
738430
774223
677414
793507
437033
394974
858180
174671
215973
362068
910555
145465
593223
434661
487156
852527
862989
522919
312977
576116
212700
582250
922170
968105
471515
491220
376222
240904
762616
193575
314635
732560
810221
340130
257282
872926
119220
926397
725690
776222
173351
625450
664850
606353
528152
631092
432305
958762
431393
735640
178147
940432
948535
657637
157155
824121
575988
311808
966475
417802
430817
544849
892119
962090
108109
775799
611082
690533
951092
803126
517614
353202
171760
623608
633147
298737
898391
236778
883305
650050
785456
276392
519784
657051
364110
475927
245430
335850
655598
493490
256241
383938
697230
957462
665780
452540
475254
947242
884297
240594
476275
763465
120813
704537
152066
573183
129473
305713
124690
356184
840489
985766
559371
840470
490878
884922
809502
802386
860276
168296
942106
799191
222735
815870
260491
952306
923108
267647
362714
503847
902980
671630
624028
681889
538097
691542
149972
424052
354500
528439
564031
538584
879850
603222
709639
874322
371125
844441
189560
154012
962409
970579
720860
222805
905313
345821
500653
308544
966976
875410
120333
882965
868242
586417
353725
557786
580360
708732
646960
671047
769794
802874
544977
192220
657989
375938
511433
253550
721060
481416
187140
349109
898314
613155
198966
964069
547474
318803
425600
914539
343149
596278
720579
125089
817193
256257
987097
777113
122048
155621
313481
190341
641321
416269
252858
132731
507249
405039
451853
447744
243194
463134
386362
481248
472596
259869
242866
780610
705378
243136
991295
744227
571918
955987
603278
249753
694888
260505
764823
911476
571942
998628
445750
531271
853745
591692
174288
995300
613711
704714
405088
719357
730749
474457
100045
262480
651443
199594
582491
722648
297987
644708
276039
113217
453619
173556
110339
603448
206082
676144
702279
839746
865412
598530
532651
965507
314155
583940
214888
572965
510297
611659
992258
544939
228066
784208
575940
452332
897057
817187
289358
297082
748247
289698
799556
653217
115925
583313
859473
299382
878898
761205
348348
930424
802157
320505
200102
384907
973243
423598
777313
937717
934263
313357
927379
247483
567514
917085
358753
177040
533661
669969
775420
900507
186263
847857
898209
539247
623218
311910
107907
781893
174701
660333
268294
860559
537844
958617
452112
451924
633370
170836
299369
446953
204591
187471
420823
440477
244021
283752
517919
706653
919010
811311
703326
113510
431864
659172
212300
479155
451880
149757
274177
856034
856707
442548
620949
248754
899866
344243
251127
726168
354125
178257
340327
835415
294496
610361
209388
959999
831153
213598
151857
374335
780112
564002
630654
784317
264166
294374
502292
732319
189784
980410
932245
578452
575929
834177
522009
752216
315362
809039
640406
309932
196121
945839
110227
347296
300756
685875
658107
553951
206818
181543
724305
239118
478729
284073
904597
992639
172125
206585
401583
316539
672990
717383
808871
154838
273033
772788
546379
235627
488711
961913
264353
724752
659589
983302
701892
608500
571139
308358
157004
555904
569398
475737
330508
299371
114379
815060
494190
490574
520591
230636
134958
303377
403248
165734
976860
606735
891753
660554
699286
568383
912902
347033
549660
914129
336042
514095
197374
796277
470665
161733
602286
803936
802349
372142
919084
990090
210455
342091
800749
426157
676935
540185
258643
857584
561695
173937
287435
665295
549274
840202
314282
993898
369404
626163
476855
843877
482775
657789
486628
168080
746250
879996
140603
797246
946475
890052
502456
489539
415159
681202
466882
335238
204578
227078
354525
759162
998616
527929
897457
785763
226353
287847
843516
117862
693203
644788
237245
844663
683263
323847
372079
637066
237511
570742
785259
268330
829488
878999
807606
372365
752813
987391
761013
672419
945740
596536
626459
495284
167195
396298
830178
915044
718450
302943
434107
651542
835455
780343
524257
359552
749044
414832
147255
119342
197201
466905
614538
822870
208773
504428
995321
712930
491827
520605
701435
959154
594109
774650
990571
173414
475463
325086
685903
387656
590147
153092
320518
822380
493338
601669
457812
972751
386201
255520
933662
275496
295481
129802
633834
618927
544806
468486
361801
242031
934043
533021
421268
882551
848584
972435
864734
953240
608882
803333
939693
397343
245275
831774
687614
313168
964727
227832
652527
932060
891124
131308
431058
885422
163339
970316
383208
426407
274748
384857
620991
195052
670005
908195
616679
435007
897695
519828
639101
512032
724918
636467
218929
447737
853391
597698
165663
529038
299729
512713
643098
665507
377284
411795
120311
391319
277475
770305
212640
533800
157026
707116
292419
339564
246114
186974
537261
225747
169754
365671
240763
506398
274865
609149
806014
357796
878167
727131
258892
736237
753042
625136
636050
859740
178566
473507
645623
416758
262735
971674
769447
338366
872963
478533
612461
605062
310167
771153
203215
927470
426530
851030
213949
951422
122241
817485
426876
130516
553185
929331
815678
309122
722546
922229
912953
607519
373169
227497
117730
291287
215803
949181
558965
161571
729693
265401
426507
665821
585583
896219
122829
550289
532082
135332
866692
424986
191465
710330
763401
695052
908451
897706
472671
549054
750108
201228
132687
848502
520058
520715
616979
291759
920226
826866
940150
497035
793922
530952
335021
838900
187303
699945
748689
537165
872199
365726
831396
815106
468292
423330
188851
445825
343253
538383
270537
793075
185965
944482
828339
441225
930435
444372
179907
838304
827435
273527
948464
398171
568201
398650
363250
143924
582757
440741
345737
254178
657779
667811
730201
687714
116374
626000
370643
443881
967252
560186
461479
355223
713218
775852
308351
881675
592469
915971
506521
808442
627311
584280
489609
414062
124912
424172
416677
436116
860125
200411
165531
812076
810513
686125
332178
192013
414631
639982
170840
905209
261728
273296
411651
686928
705423
194304
519062
462167
175983
419864
166740
150516
309881
895792
798336
149220
310569
810851
472260
344876
163561
690870
358325
828697
821564
309229
828803
346892
253610
434464
712988
359194
196012
240488
244203
798565
354584
214231
309187
461603
985271
431886
501935
594103
915704
529979
762546
115231
220786
736801
142222
629186
987671
343386
921730
687091
141753
811277
693319
888352
185176
897722
445919
950855
564302
432966
164358
805740
110205
847428
280814
344652
988696
368926
274969
628040
554765
950014
745400
496522
931151
270359
418145
181127
812085
634664
939068
969095
331944
358894
343032
540590
566419
742800
162538
864058
219446
964071
424153
101405
566173
249643
158959
357389
577873
356637
251495
802716
683013
884947
608197
174462
397809
525804
995304
783716
301805
616944
883217
239096
329388
581248
519630
243411
182902
587310
470407
316822
300347
708557
272712
912278
612997
106749
649981
708698
620126
466970
761124
591323
340997
888056
624804
153925
456581
715236
625859
854395
478431
889017
167986
309167
984682
178267
776100
345940
215720
581685
678694
713516
187733
218236
425133
503968
994452
966219
251358
149199
450973
399341
446394
207752
751455
514262
933557
913881
527742
480112
256748
246156
584315
322285
292443
456808
437310
756298
945015
118751
408503
247665
744411
833044
486389
561669
761482
830384
547216
201998
807046
433059
536957
585862
817399
553667
398065
830881
478018
972220
172915
334522
925884
630654
772671
690230
414905
925387
381474
225278
940525
622660
688180
529567
410057
878808
137259
176495
866265
507682
389856
787308
489964
813639
565150
903973
398980
847256
134237
536185
418618
518435
722580
762006
142278
207064
877817
721493
170223
265361
156644
820807
701575
893079
833948
528802
899252
156067
293065
232034
977849
224583
942061
278825
746701
222441
247494
474296
545145
292704
791592
722867
786228
237124
716184
966411
331072
563353
194723
650106
737811
816590
631172
221167
197680
401954
185384
179011
191372
516304
112277
525241
866243
322714
704318
757166
838878
800751
142781
895932
604550
174640
373682
327719
758586
999575
967019
189859
634680
488268
928891
856018
720299
841937
787021
115296
520398
306039
847739
782199
383186
661882
479983
159856
429114
753532
999391
926866
113363
482632
557965
954377
276787
342435
273443
231147
416937
533355
707719
250355
826757
416243
777154
110749
663215
400986
839831
199267
747526
930806
370800
918054
120434
436784
957713
125078
151545
134161
210458
115170
877554
174140
929654
708628
654518
301562
510131
155832
978278
253633
353607
965999
990801
126521
321587
378442
410603
525018
298066
624857
642539
133560
145547
880491
653912
145929
568659
674868
736230
968366
494978
910533
809156
724228
594642
706010
491583
667738
231165
209856
361320
939608
777485
493366
878683
965451
830053
503971
546158
448603
130366
134280
593716
557617
554385
116466
897738
388561
991249
964448
513339
289202
724531
789741
800612
915568
537916
995068
933266
153035
368977
304682
205010
149759
618334
506617
634008
788200
290043
784192
278735
568913
729437
926618
247141
193305
879684
179737
964065
830746
736535
845412
852849
397157
378030
238509
742539
619051
160659
472829
428486
837336
661360
278474
629801
358160
986152
817248
811365
642473
494009
444755
725430
916697
965934
424979
191120
129065
344082
335584
932725
801981
312250
884572
637861
883711
501541
795183
686437
116927
368659
752256
519390
820671
101286
354476
219272
841960
738440
700351
938649
391765
972195
932486
911244
643696
801412
134562
646589
840076
872778
358673
909301
243175
107864
264557
526606
971511
380474
257405
983384
135857
195333
169904
556389
916711
764915
145779
599542
970737
210259
413843
523198
893126
319371
203040
830273
145160
500536
709683
707519
424990
627344
521455
821878
726526
120658
959056
207531
479817
627528
256143
225160
317453
177396
736968
631385
209299
803962
249171
392192
968037
175139
613669
544178
368298
499246
828317
689757
965460
192521
710849
967481
310318
846116
759244
899533
204523
171275
411365
504115
810858
137293
752195
156664
329761
148545
732133
637284
864745
910801
724071
231708
371307
410201
382277
474032
682634
244028
335784
293773
725443
329870
944036
343318
480881
821891
142665
523634
717100
703931
380644
334265
901681
568462
780786
906603
413218
298940
626376
815547
917985
311182
574966
909626
193108
595626
129920
978079
505284
846312
985324
748579
336352
312118
540072
762859
999738
911203
614747
977240
455286
887956
692582
373281
479896
732009
698392
726657
838131
431144
213348
794550
659047
692521
980356
214121
314354
287716
259233
542172
632134
614338
899061
253619
866424
701850
958498
799636
249795
958969
300725
477288
542148
836001
605540
412100
657236
452760
864037
401087
627375
263074
340142
808517
724045
878017
970905
616023
298372
258147
601329
538022
141173
131639
736460
854448
108892
818504
472907
290247
871834
398422
294262
639271
723261
548160
665941
841065
633709
425664
109901
560609
259673
585868
983628
101456
967731
275890
945177
292310
413499
526199
617970
627611
705912
218868
221447
121403
411541
569990
433361
242187
325545
210880
180829
432566
598169
374816
188129
842918
867898
500131
418347
957240
738138
200290
327054
696072
300423
272658
146064
725078
368025
643592
510895
537399
386376
324748
908462
628638
407989
259752
766697
139310
960602
292451
210734
125832
671849
813551
253751
792422
502853
484361
443651
413546
117416
404294
536276
171153
268458
734527
366752
296721
632392
926850
298937
210803
837804
226334
132499
305940
496587
229830
182956
947622
494695
890681
697936
994772
842974
327888
569665
957110
381964
855295
653363
510341
587315
408665
172633
186981
169412
174027
325001
107204
938471
688859
705886
641159
597028
129504
990193
131373
453256
800900
878372
523498
424461
433542
660209
310925
555815
940662
961977
966236
964609
848002
430881
601388
916947
694366
796683
785310
289108
872929
996154
564488
629481
469828
558773
840826
907989
741935
132814
426019
173007
833319
705548
384449
774886
272074
779581
576079
559495
257373
759943
233935
777144
113866
321240
559094
504362
355293
834998
109363
560262
114721
421973
795335
132208
928623
796889
490091
959176
231863
186857
136439
757272
381528
670618
807565
275775
939202
214676
950000
200180
320049
381143
626438
724216
219311
272743
600726
575560
211715
495451
832579
976078
278884
938186
735451
950839
825848
932074
762147
270667
460006
233257
913438
918683
212278
191833
539594
577213
107714
545480
593508
177682
625173
387138
314789
535113
557237
881910
338959
135489
251251
805245
127524
230478
830022
744952
191596
627469
566485
451425
357512
518734
147214
245661
951327
380448
735047
273862
156620
434725
499632
581853
409009
185725
822404
763063
554724
335566
549453
379208
170017
259968
192572
775291
358402
485807
895117
560050
208741
625961
225596
268160
293368
129301
919435
467869
770471
999732
412940
318803
702632
794923
652141
584774
690592
514080
172395
437185
881442
182329
330705
801740
302705
580415
512006
518445
238419
957540
497657
957157
621434
646755
685193
751011
230899
192527
238919
789738
854790
186272
612024
743618
939360
197016
596976
985958
101726
161169
899301
111899
535006
146882
335381
102353
237665
790259
301846
954124
120399
159454
272060
999712
488550
467906
607297
222642
390785
820583
980643
540104
985581
674768
874480
960038
330747
243694
620071
490810
385345
369103
685899
927711
529844
963118
564388
494514
100762
467531
631031
105465
975904
392709
122021
774206
235636
124779
248865
959109
860123
713370
969254
778465
975054
590550
631690
854500
742437
643960
766568
440688
768116
130760
265715
622285
786024
706087
521340
607711
317540
748677
513577
116739
322210
199250
468373
549407
246549
926464
605517
884236
306981
231276
197833
420753
367060
264060
735497
550504
518258
418414
531988
996351
420879
146307
510710
509866
742110
102416
797630
980817
776434
248938
212602
690564
683444
993717
123270
856486
500469
243440
780852
395885
787245
269607
727292
331850
486899
770141
634535
385489
352496
608799
639971
627250
712914
618990
661167
257622
763968
641004
374373
622408
930968
775094
401029
285406
707382
816442
469359
398228
820816
461577
967624
266435
693665
365549
731039
553246
367107
488173
100089
599304
932819
599936
128188
485741
628000
927610
888918
349337
574881
821495
389201
190748
556266
357813
935247
284146
770720
687678
770300
881596
468750
877774
714224
880488
427047
183216
123785
470916
847899
129746
873530
242976
331244
280100
833533
706552
204753
644470
885847
920841
771599
578930
675130
370709
280085
990070
380302
382155
712690
878786
772381
712821
117398
809095
508007
865802
651252
672869
749223
573006
224225
288710
563069
770293
187464
905961
411968
217965
459672
102952
635263
444238
873713
668575
992724
969684
465781
402205
547668
778075
968557
581261
834717
594286
653956
607351
571314
785149
482348
929776
165808
451239
693435
896771
452496
322620
966033
418474
115368
848567
298153
774502
587641
776560
986717
646528
334794
500112
598345
678931
366824
596424
272869
632977
374404
772110
127274
712987
310465
940685
318772
912186
364807
915668
536645
660532
834538
882506
924215
197355
340735
414432
241997
668643
709421
542541
589632
252551
718577
187830
746637
371061
975281
421150
595452
392236
609263
791862
214392
483997
724001
834503
111232
276345
839966
213220
430848
442264
645704
502764
848414
701768
496394
576426
246208
896389
170336
201324
305454
684349
894800
760156
306197
392679
139774
446062
605546
690883
747257
572115
658332
876499
563577
582632
669883
705945
637920
463834
415297
814533
983873
355422
475787
218373
374745
294130
523119
408356
232969
307952
145095
106943
661581
540222
641547
243178
759013
609211
879124
907246
424738
484816
861579
125197
174375
701622
689172
240586
112915
977337
495224
905290
613789
198968
899618
804370
887344
314439
322989
787895
836661
498989
190020
175457
236255
624260
453543
613704
230997
657767
406889
868033
829397
824696
799810
612039
233152
764712
180080
602754
801208
995414
386505
267784
107397
100668
976256
933463
994781
702819
600579
627826
796161
203972
137342
546698
674261
873499
203096
912993
571208
329602
710246
368673
288788
823745
216208
235200
597311
694804
864219
731072
317413
204216
571897
620476
941399
231838
493311
448749
985065
592060
372240
817676
882742
869706
781240
460315
285990
564279
529539
344969
805772
805511
610628
571904
656358
424908
236918
183492
764731
813458
770680
378125
333618
487029
172736
345054
258556
142283
356424
837537
271916
362928
523600
131379
151427
226223
529342
219629
991613
545740
612223
985658
550718
789040
435644
627737
291996
925495
887775
485646
392540
986951
188166
998371
801380
533407
147375
540554
840894
783577
254612
421190
919217
380999
183756
612667
961888
681380
459550
833723
891829
946717
646349
456305
688920
891849
947685
879521
298116
512224
497479
317481
569309
415280
804674
119714
822771
885821
219744
828070
523973
651692
800837
973420
800202
792157
623833
616854
881168
540067
382307
262795
324013
140893
324373
774554
752078
937397
305216
587600
183884
184600
254188
212937
534140
159484
965964
574262
663268
636626
294540
934312
963940
378618
831746
990460
710005
713609
347026
589959
994824
978108
736304
151677
387743
308873
282996
819457
125284
660524
902741
786422
590077
470341
631713
429342
861193
701505
102054
411854
288609
876289
417197
670599
603157
806282
919993
248190
568332
