812587
633307
538051
234659
515143
797383
236477
522887
538567
117787
326707
493873
914443
177209
670129
492719
787939
418169
371941
696907
464857
513719
312089
840109
565441
175919
773231
547373
887947
735181
674057
172981
398569
743159
523489
450893
734057
404429
829151
419921
890237
763921
486683
911233
828811
493133
218117
532601
781211
330721
322859
830891
125743
322631
649567
512761
972661
802573
970213
373621
813041
575677
342733
309797
727621
209393
683119
128431
192161
909289
270029
571471
749051
618439
446921
308359
178489
192263
449077
263383
309241
533249
268771
852031
224699
919781
720179
962243
493139
776183
569683
857081
261031
414101
627559
790529
933001
671201
461569
918193
997699
743177
401981
704183
258157
307361
347341
307651
351727
656707
334421
917687
870743
436427
145933
429389
642013
860399
487997
564533
902521
285763
575581
490393
918653
141671
445877
692761
769903
702349
915949
132383
971419
324637
508223
244721
960121
345731
440339
631483
450839
660529
421717
225119
452531
158017
955693
851261
553543
209227
767869
314107
503297
505643