589471
967261
239179
530393
322969
596941
310117
301127
947377
736921
423307
435577
277567
999149
258277
924601
761471
131501
502441
549641
280129
625661
161659
414019
281837
778081
526781
588083
952183
946901
796871
460171
158617
475907
570881
479191
298211
413879
706603
777839
275623
182027
789491
584791
305093
248719
931087
628709
558253
422183
826613
213119
758573
339263
635413
790519
689071
331333
217201
345067
681623
183973
929389
134909
179899
779767
456223
571147
646199
727019
195787
297841
692933
449149
620393
835687
482711
579281
399433
720403
415603
596977
579973
760847
641057
691631
266687
754907
185621
179951
522601
780721
481447
768979
410629
602279
558007
467063
422363
184441
734953
757247
127979
172279
652417
104207
563551
326323
738953
299029
952429
427381
730819
291041
441187
996953
305281
128461
210421
239137
677657
912239
217319
830591
876719
983513
171341
170003
724807
192749
945907
221873
993407
445619
817651
768127
865259
349477
262723
969989
590309
397289
320471
592547
794659
112163
262121
388699
123091
724403
424271
943637
894779
592393