781357
394571
727343
139367
973487
993841
486163
605413
277231
403097
294311
245783
583859
449083
964889
949667
223463
341087
391103
709279
746171
642527
910109
644999
683731
393581
564299
190391
946801
728561
796063
841013
383807
615971
537143
632389
540517
992141
722173
563021
367849
414857
523007
138763
455849
536777
440507
528719
278671
284387
480449
813623
715919
573299
238181
473723
517873
768811
223903
221539
975257
460087
379439
709913
683447
570221
741787
607307
226357
605221
446129
554803
987697
719203
249257
952507
505073
442147
333647
300787
257713
476317
858911
279637
567143
576101
683783
144511
551017
548453
952547
466603
341617
224449
175573
351847
477623
905053
712447
872033
963943
863801
831407
396239
494107
862369
487843
556849
360511
986191
474533
826927
721363
754093
855131
836839
776977
181619
228859
207509
361183
694549
161267
809929
763307
451909
185401
278041
952507
727019
573901
668609
805687
241027
375371
518759
246709
640727
328051
665677
836351
864583
265007
319981
390437
225683
444089
208141
229423
910177
209623
955469
538561
564827